2 0.5125 0.91953125 0.1078125 0.05703125
2 0.12734375 0.92578125 0.0546875 0.10859375
0 0.5890625 0.6734375 0.065625 0.0421875
1 0.4671875 0.57890625 0.3 0.09296875
2 0.24921875 0.5171875 0.09296875 0.04921875
2 0.88203125 0.4015625 0.0625 0.09453125
1 0.7671875 0.45546875 0.09453125 0.0375
2 0.06953125 0.365625 0.1015625 0.084375
1 0.58984375 0.1765625 0.36484375 0.0828125
1 0.85390625 0.3265625 0.08515625 0.04921875
1 0.77890625 0.26796875 0.134375 0.08828125
1 0.578125 0.26015625 0.21796875 0.075