2 0.17421875 0.9171875 0.0515625 0.1109375
2 0.55859375 0.90859375 0.05234375 0.03203125
2 0.2953125 0.5046875 0.0609375 0.03828125
2 0.02109375 0.50625 0.0421875 0.0421875
2 0.1234375 0.35625 0.07890625 0.0703125
2 0.91875 0.3875 0.0296875 0.0859375
0 0.63359375 0.659375 0.03515625 0.04140625
1 0.47734375 0.55390625 0.20078125 0.03984375
1 0.809375 0.45 0.06640625 0.0203125
1 0.62421875 0.25546875 0.17890625 0.06953125
1 0.66953125 0.1828125 0.2734375 0.07109375
1 0.8234375 0.26015625 0.10625 0.07421875