2 0.2 0.515625 0.06484375 0.03984375
2 0.8390625 0.39609375 0.05703125 0.09375
0 0.54140625 0.67890625 0.053125 0.04140625
2 0.06484375 0.91875 0.06328125 0.0671875
1 0.55234375 0.17578125 0.31796875 0.11875
1 0.55078125 0.25546875 0.140625 0.078125
1 0.7265625 0.45390625 0.07734375 0.05078125
2 0.9765625 0.8625 0.046875 0.10390625
2 0.0359375 0.3671875 0.06640625 0.06328125
2 0.45546875 0.92578125 0.08515625 0.0296875
0 0.54375 0.91171875 0.03125 0.034375
1 0.40703125 0.58203125 0.23125 0.07421875