2 0.2734375 0.35078125 0.0921875 0.096875
2 0.146875 0.48828125 0.09609375 0.0859375
2 0.04765625 0.43125 0.08671875 0.071875
2 0.47265625 0.50625 0.0640625 0.04140625
2 0.35859375 0.934375 0.103125 0.12734375
2 0.7640625 0.92578125 0.06796875 0.0453125
1 0.66171875 0.56875 0.23359375 0.0671875
1 0.97265625 0.45078125 0.05390625 0.04140625
1 0.84140625 0.215625 0.31640625 0.15546875
1 0.109375 0.17265625 0.2171875 0.0890625
0 0.8234375 0.67109375 0.05703125 0.040625
0 0.56640625 0.678125 0.09765625 0.06484375