2 0.5671875 0.909375 0.10703125 0.04921875
2 0.16484375 0.92109375 0.0484375 0.121875
0 0.63984375 0.66484375 0.04375 0.0453125
1 0.49609375 0.56953125 0.25390625 0.0921875
2 0.29140625 0.50390625 0.07578125 0.04375
2 0.01796875 0.51015625 0.0359375 0.0546875
2 0.9265625 0.39296875 0.04921875 0.09765625
1 0.81953125 0.4484375 0.103125 0.03984375
2 0.11015625 0.353125 0.11328125 0.10390625
1 0.62734375 0.259375 0.19765625 0.09453125
1 0.66875 0.1890625 0.275 0.07109375
1 0.82578125 0.2640625 0.1578125 0.09765625