2 0.46328125 0.9265625 0.05703125 0.03046875
2 0.06796875 0.93515625 0.03359375 0.1015625
2 0.9796875 0.865625 0.0296875 0.11953125
2 0.840625 0.3953125 0.03671875 0.08203125
2 0.03203125 0.36171875 0.0640625 0.0703125
2 0.1984375 0.5171875 0.065625 0.04296875
1 0.590625 0.18359375 0.253125 0.06796875
1 0.746875 0.26015625 0.09921875 0.07734375
1 0.5625 0.259375 0.14375 0.06015625
1 0.378125 0.56875 0.19375 0.046875
1 0.7203125 0.45703125 0.053125 0.02109375
0 0.54453125 0.6765625 0.02890625 0.03515625