1 0.57109375 0.18203125 0.296875 0.0578125
1 0.55703125 0.26171875 0.203125 0.0453125
2 0.83515625 0.4 0.03671875 0.0921875
2 0.03515625 0.3734375 0.0703125 0.04453125
2 0.2 0.51953125 0.04375 0.0203125
0 0.5453125 0.6796875 0.046875 0.040625
0 0.3015625 0.6828125 0.0875 0.04296875
1 0.4015625 0.58359375 0.21796875 0.0828125
1 0.72890625 0.4578125 0.07109375 0.028125
2 0.06484375 0.93125 0.0671875 0.09296875
2 0.46328125 0.928125 0.0734375 0.0296875
2 0.98046875 0.8640625 0.0390625 0.1125
0 0.625 0.71875 0.0171875 0.01015625
0 0.54375 0.91640625 0.03046875 0.021875