2 0.46171875 0.92265625 0.0640625 0.0453125
2 0.071875 0.93671875 0.053125 0.10703125
2 0.9625 0.8609375 0.075 0.13515625
0 0.53828125 0.678125 0.05390625 0.05078125
1 0.39765625 0.58125 0.28828125 0.07734375
2 0.19140625 0.51875 0.09296875 0.03671875
2 0.8421875 0.396875 0.075 0.09140625
2 0.03515625 0.3640625 0.06953125 0.09296875
1 0.72890625 0.45859375 0.1171875 0.05234375
1 0.58203125 0.178125 0.31171875 0.08671875
1 0.828125 0.32734375 0.0375 0.03828125
1 0.75 0.2625 0.13203125 0.0828125
1 0.55859375 0.265625 0.1796875 0.084375