2 0.5625 0.91171875 0.10078125 0.04609375
2 0.16953125 0.92265625 0.053125 0.1125
2 0.2953125 0.5046875 0.075 0.040625
2 0.02421875 0.509375 0.04765625 0.03984375
2 0.11875 0.35625 0.09375 0.07421875
2 0.91875 0.3921875 0.0484375 0.08984375
0 0.6390625 0.66328125 0.05234375 0.0484375
1 0.50546875 0.56796875 0.31171875 0.10703125
1 0.8109375 0.4484375 0.09453125 0.05078125
1 0.67890625 0.178125 0.32421875 0.08203125
1 0.65546875 0.265625 0.20546875 0.0921875
1 0.82578125 0.2609375 0.13984375 0.08125
1 0.91015625 0.32890625 0.0671875 0.0421875