2 0.17109375 0.909375 0.06328125 0.1265625
2 0.5609375 0.90390625 0.1078125 0.05234375
1 0.47578125 0.55859375 0.2453125 0.078125
0 0.62578125 0.65859375 0.05390625 0.05234375
2 0.284375 0.50625 0.0625 0.053125
2 0.91484375 0.39296875 0.0765625 0.09296875
2 0.10546875 0.35078125 0.1 0.08515625
2 0.0140625 0.51015625 0.028125 0.0734375
1 0.62265625 0.18359375 0.35546875 0.07109375
1 0.81796875 0.2703125 0.1515625 0.096875
1 0.60234375 0.26484375 0.22578125 0.08671875
1 0.79296875 0.44453125 0.10625 0.05390625