1 0.88203125 0.21171875 0.23515625 0.16875
2 0.359375 0.353125 0.0875 0.0859375
1 0.13046875 0.17734375 0.25546875 0.09453125
1 0.76875 0.59375 0.22265625 0.1015625
0 0.93125 0.68515625 0.0484375 0.05546875
0 0.68203125 0.6890625 0.0765625 0.05625
2 0.5578125 0.5078125 0.06484375 0.04765625
2 0.23515625 0.4921875 0.0859375 0.09375
2 0.13125 0.4375 0.07734375 0.05078125
2 0.34921875 0.34140625 0.1015625 0.07578125
2 0.45078125 0.93828125 0.0640625 0.1234375
2 0.8671875 0.94921875 0.09609375 0.06015625