0 0.80625 0.67109375 0.0421875 0.04921875
0 0.56953125 0.68046875 0.0828125 0.0484375
2 0.4453125 0.503125 0.06875 0.03203125
2 0.05234375 0.4296875 0.10390625 0.03671875
2 0.14140625 0.49375 0.1 0.07421875
2 0.25390625 0.35078125 0.1109375 0.0890625
2 0.4484375 0.50234375 0.06875 0.046875
2 0.3375 0.9359375 0.0546875 0.1109375
2 0.74140625 0.9171875 0.0578125 0.04765625
1 0.66796875 0.58828125 0.290625 0.10078125
1 0.82890625 0.21640625 0.34140625 0.15546875
1 0.115625 0.18046875 0.23125 0.09453125
1 0.971875 0.46171875 0.05625 0.053125